11201 204
11203 343
11204 534
11205 182
11206 329
11207 332
11208 350
11209 209
11210 386
11211 601
11212 254
11213 394
11214 251
11215 178
11216 162
11217 130
11218 350
11219 771
11220 264
11221 260
11222 96
11223 346
11224 133
11225 267
11226 344
11228 101
11229 316
11230 631
11231 127
11232 85
11233 225
11234 364
11235 348
11236 416
11237 184
11238 183
11239 85
11201 236
11203 466
11204 712
11205 242
11206 411
11207 479
11208 520
11209 292
11210 524
11211 788
11212 395
11213 498
11214 347
11215 203
11216 210
11217 161
11218 499
11219 1037
11220 402
11221 335
11222 131
11223 474
11224 195
11225 353
11226 485
11228 158
11229 423
11230 848
11231 154
11232 141
11233 302
11234 531
11235 421
11236 618
11237 235
11238 253
11239 128
11201 249
11203 499
11204 746
11205 254
11206 444
11207 524
11208 571
11209 321
11210 554
11211 829
11212 434
11213 520
11214 369
11215 217
11216 222
11217 177
11218 542
11219 1088
11220 440
11221 358
11222 140
11223 508
11224 210
11225 376
11226 523
11228 169
11229 445
11230 903
11231 161
11232 155
11233 325
11234 574
11235 459
11236 676
11237 258
11238 272
11239 137
11201 259
11203 553
11204 789
11205 270
11206 477
11207 554
11208 608
11209 348
11210 583
11211 859
11212 469
11213 554
11214 403
11215 239
11216 240
11217 196
11218 574
11219 1136
11220 455
11221 384
11222 148
11223 529
11224 235
11225 394
11226 553
11228 179
11229 470
11230 946
11231 169
11232 169
11233 356
11234 624
11235 487
11236 728
11237 274
11238 283
11239 157
11201 285
11203 642
11204 908
11205 317
11206 536
11207 658
11208 713
11209 419
11210 663
11211 948
11212 584
11213 615
11214 493
11215 265
11216 278
11217 228
11218 703
11219 1314
11220 556
11221 462
11222 177
11223 618
11224 296
11225 450
11226 639
11228 229
11229 565
11230 1054
11231 191
11232 193
11233 412
11234 759
11235 588
11236 871
11237 320
11238 339
11239 172
11201 293
11203 676
11204 930
11205 330
11206 556
11207 684
11208 753
11209 440
11210 699
11211 974
11212 613
11213 633
11214 523
11215 276
11216 285
11217 239
11218 774
11219 1417
11220 585
11221 477
11222 181
11223 651
11224 314
11225 469
11226 670
11228 250
11229 603
11230 1089
11231 197
11232 203
11233 428
11234 807
11235 630
11236 938
11237 334
11238 350
11239 179
11201 321
11203 792
11204 994
11205 347
11206 648
11207 763
11208 841
11209 497
11210 776
11211 1066
11212 698
11213 682
11214 616
11215 307
11216 318
11217 258
11218 856
11219 1513
11220 656
11221 538
11222 205
11223 752
11224 387
11225 541
11226 784
11228 294
11229 674
11230 1167
11231 217
11232 222
11233 481
11234 944
11235 757
11236 1069
11237 375
11238 381
11239 199
11201 344
11203 881
11204 1034
11205 360
11206 703
11207 836
11208 932
11209 530
11210 821
11211 1128
11212 764
11213 726
11214 678
11215 319
11216 341
11217 279
11218 893
11219 1562
11220 695
11221 586
11222 220
11223 809
11224 434
11225 573
11226 859
11228 316
11229 714
11230 1221
11231 223
11232 243
11233 534
11234 1029
11235 824
11236 1157
11237 411
11238 407
11239 221
11201 353
11203 910
11204 1043
11205 363
11206 718
11207 856
11208 953
11209 538
11210 838
11211 1138
11212 780
11213 737
11214 693
11215 321
11216 347
11217 281
11218 904
11219 1564
11220 718
11221 593
11222 225
11223 827
11224 443
11225 588
11226 898
11228 322
11229 721
11230 1233
11231 227
11232 248
11233 539
11234 1044
11235 843
11236 1184
11237 421
11238 412
11239 230
11201 373
11203 1001
11204 1110
11205 392
11206 757
11207 928
11208 1029
11209 587
11210 898
11211 1202
11212 842
11213 793
11214 760
11215 350
11216 376
11217 316
11218 976
11219 1679
11220 784
11221 641
11222 255
11223 885
11224 485
11225 632
11226 995
11228 356
11229 791
11230 1301
11231 241
11232 267
11233 591
11234 1149
11235 911
11236 1313
11237 451
11238 448
11239 250
11201 380
11203 1034
11204 1134
11205 396
11206 777
11207 956
11208 1058
11209 611
11210 919
11211 1216
11212 863
11213 811
11214 788
11215 359
11216 384
11217 331
11218 988
11219 1698
11220 808
11221 652
11222 262
11223 920
11224 498
11225 654
11226 1021
11228 365
11229 821
11230 1329
11231 247
11232 287
11233 616
11234 1189
11235 954
11236 1352
11237 460
11238 454
11239 261
11201 387
11203 1085
11204 1163
11205 416
11206 808
11207 1004
11208 1129
11209 648
11210 960
11211 1248
11212 915
11213 840
11214 829
11215 373
11216 408
11217 344
11218 1015
11219 1725
11220 844
11221 683
11222 271
11223 960
11224 528
11225 686
11226 1089
11228 378
11229 860
11230 1367
11231 254
11232 299
11233 648
11234 1260
11235 992
11236 1439
11237 481
11238 466
11239 275
11201 402
11203 1148
11204 1185
11205 423
11206 837
11207 1056
11208 1173
11209 667
11210 1042
11211 1293
11212 948
11213 873
11214 859
11215 383
11216 419
11217 357
11218 1043
11219 1833
11220 870
11221 698
11222 277
11223 999
11224 551
11225 711
11226 1148
11228 388
11229 925
11230 1414
11231 258
11232 303
11233 666
11234 1417
11235 1056
11236 1558
11237 489
11238 476
11239 293
11201 418
11203 1195
11204 1240
11205 437
11206 885
11207 1114
11208 1263
11209 715
11210 1081
11211 1342
11212 990
11213 906
11214 907
11215 399
11216 439
11217 367
11218 1087
11219 1868
11220 905
11221 740
11222 289
11223 1049
11224 588
11225 737
11226 1219
11228 413
11229 971
11230 1463
11231 265
11232 316
11233 717
11234 1483
11235 1138
11236 1637
11237 523
11238 491
11239 309
11201 422
11203 1256
11204 1277
11205 462
11206 923
11207 1170
11208 1304
11209 737
11210 1122
11211 1363
11212 1034
11213 931
11214 955
11215 413
11216 461
11217 381
11218 1126
11219 1914
11220 936
11221 773
11222 294
11223 1089
11224 622
11225 763
11226 1273
11228 429
11229 1025
11230 1510
11231 274
11232 322
11233 754
11234 1533
11235 1206
11236 1707
11237 547
11238 509
11239 324
11201 438
11203 1298
11204 1295
11205 469
11206 947
11207 1201
11208 1352
11209 755
11210 1138
11211 1379
11212 1056
11213 958
11214 990
11215 421
11216 474
11217 385
11218 1145
11219 1936
11220 968
11221 788
11222 297
11223 1109
11224 643
11225 797
11226 1306
11228 439
11229 1043
11230 1550
11231 285
11232 329
11233 782
11234 1568
11235 1258
11236 1760
11237 557
11238 517
11239 337
11201 447
11203 1329
11204 1325
11205 475
11206 975
11207 1233
11208 1383
11209 772
11210 1162
11211 1399
11212 1086
11213 972
11214 1016
11215 432
11216 484
11217 397
11218 1163
11219 1961
11220 997
11221 801
11222 306
11223 1134
11224 657
11225 814
11226 1336
11228 449
11229 1064
11230 1573
11231 289
11232 337
11233 802
11234 1602
11235 1293
11236 1828
11237 567
11238 529
11239 339
11201 450
11203 1349
11204 1338
11205 482
11206 991
11207 1267
11208 1408
11209 783
11210 1183
11211 1410
11212 1102
11213 989
11214 1028
11215 437
11216 489
11217 398
11218 1173
11219 1973
11220 1006
11221 816
11222 310
11223 1147
11224 673
11225 824
11226 1358
11228 457
11229 1079
11230 1584
11231 291
11232 342
11233 824
11234 1626
11235 1315
11236 1859
11237 581
11238 535
11239 342
11201 460
11203 1385
11204 1358
11205 490
11206 1013
11207 1306
11208 1463
11209 800
11210 1219
11211 1422
11212 1134
11213 1010
11214 1050
11215 453
11216 500
11217 411
11218 1192
11219 1988
11220 1025
11221 832
11222 316
11223 1171
11224 695
11225 843
11226 1413
11228 470
11229 1110
11230 1620
11231 303
11232 351
11233 844
11234 1670
11235 1343
11236 1899
11237 590
11238 547
11239 354
11201 464
11203 1398
11204 1370
11205 494
11206 1018
11207 1327
11208 1478
11209 805
11210 1230
11211 1433
11212 1144
11213 1014
11214 1057
11215 458
11216 508
11217 413
11218 1203
11219 2005
11220 1038
11221 843
11222 318
11223 1192
11224 715
11225 850
11226 1431
11228 473
11229 1123
11230 1639
11231 305
11232 354
11233 859
11234 1695
11235 1362
11236 1922
11237 596
11238 552
11239 357
11201 472
11203 1464
11204 1445
11205 513
11206 1056
11207 1373
11208 1550
11209 829
11210 1266
11211 1475
11212 1190
11213 1040
11214 1103
11215 468
11216 522
11217 421
11218 1244
11219 2087
11220 1077
11221 878
11222 330
11223 1236
11224 748
11225 882
11226 1498
11228 487
11229 1148
11230 1676
11231 319
11232 365
11233 884
11234 1756
11235 1413
11236 1990
11237 618
11238 571
11239 367
11201 484
11203 1521
11204 1497
11205 532
11206 1099
11207 1427
11208 1606
11209 864
11210 1300
11211 1514
11212 1252
11213 1078
11214 1139
11215 476
11216 534
11217 427
11218 1267
11219 2136
11220 1110
11221 920
11222 341
11223 1275
11224 782
11225 915
11226 1561
11228 502
11229 1188
11230 1728
11231 333
11232 375
11233 930
11234 1813
11235 1455
11236 2051
11237 647
11238 586
11239 380
11201 492
11203 1560
11204 1520
11205 538
11206 1132
11207 1478
11208 1654
11209 883
11210 1320
11211 1545
11212 1293
11213 1099
11214 1154
11215 487
11216 543
11217 431
11218 1294
11219 2182
11220 1136
11221 938
11222 344
11223 1309
11224 800
11225 936
11226 1606
11228 513
11229 1214
11230 1755
11231 337
11232 380
11233 954
11234 1846
11235 1493
11236 2097
11237 663
11238 594
11239 388

